1 20168.35 16031.50 6738.89
2 -13216.25 -15675.20 -17240.68
3 24273.68 11044.11 -1764.65
4 -5635.61 -24940.09 -6511.71
5 -22597.38 12612.97 5377.67
6 -11025.39 11875.83 -20859.61
7 -10223.35 -18084.47 17056.62
8 4.63 -26339.01 -832.65
9 -14334.82 5786.63 21041.44
10 -18293.96 -3681.19 -19089.02
11 15283.17 -6864.30 20551.06
13 8518.87 -11993.68 -22187.57
14 10970.08 17831.95 16426.35
15 -161.45 26358.93 358.11
16 14966.51 7382.03 -20597.34
18 -14735.48 18485.22 11888.08
19 23960.30 5523.98 10166.25
20 22851.63 -13287.33 2439.79
21 -7400.88 22801.14 -10841.90
22 -2798.63 17719.89 19744.56
23 19248.21 -4298.33 -17958.16
24 4966.96 -24972.12 7450.13
25 10251.68 22378.96 -9488.22
26 -24659.05 -7748.72 6977.52
27 5091.26 -23132.94 -11040.32
28 4721.79 -18461.06 18607.92
29 -24660.67 -9835.58 2799.11
30 -18247.85 18324.56 -6039.62
31 -764.51 -16615.40 20301.22
